nonzeroCount: 1075
mean_peak_mz: 749.334963878
sum_sumIntensity: 950059703.338
sum_peak_intensity: 653320828.489
mean_peak_mz: 749.334963878
variance_peak_mz: 4.32156957686e-006
sd_peak_mz: 0.0020788385163
apex_index: 5717
apex_id: controllerType=0 controllerNumber=1 scan=8677
apex_rt: 2281.40418
apex_mz: 749.336888839
apex_intensity: 25502036
