nonzeroCount: 5161
mean_peak_mz: 1009.46588547
sum_sumIntensity: 159363948478
sum_peak_intensity: 111440982723
mean_peak_mz: 1009.46588547
variance_peak_mz: 1.16595765576e-005
sd_peak_mz: 0.00341461221189
apex_index: 5941
apex_id: controllerType=0 controllerNumber=1 scan=9576
apex_rt: 2445.39054
apex_mz: 1009.46918262
apex_intensity: 2153255168
