nonzeroCount: 160
mean_peak_mz: 519.58787932
sum_sumIntensity: 313337982.594
sum_peak_intensity: 253768929.19
mean_peak_mz: 519.58787932
variance_peak_mz: 5.46453520656e-007
sd_peak_mz: 0.00073922494591
apex_index: 5037
apex_id: controllerType=0 controllerNumber=1 scan=5616
apex_rt: 1724.60568
apex_mz: 519.590188596
apex_intensity: 12623830
