nonzeroCount: 910
mean_peak_mz: 773.828454514
sum_sumIntensity: 1659770748.42
sum_peak_intensity: 1226985666.28
mean_peak_mz: 773.828454514
variance_peak_mz: 1.42341013998e-006
sd_peak_mz: 0.0011930675337
apex_index: 5589
apex_id: controllerType=0 controllerNumber=1 scan=8083
apex_rt: 2175.41718
apex_mz: 773.82820717
apex_intensity: 50458088
