nonzeroCount: 86
mean_peak_mz: 451.894246857
sum_sumIntensity: 95831228.1318
sum_peak_intensity: 58463916.3564
mean_peak_mz: 451.894246857
variance_peak_mz: 1.34017318487e-006
sd_peak_mz: 0.00115765849233
apex_index: 5052
apex_id: controllerType=0 controllerNumber=1 scan=5675
apex_rt: 1735.59288
apex_mz: 451.895085068
apex_intensity: 2399915.75
