nonzeroCount: 5395
mean_peak_mz: 864.049139073
sum_sumIntensity: 72641720261.7
sum_peak_intensity: 67055521740.1
mean_peak_mz: 864.049139073
variance_peak_mz: 2.24495306611e-006
sd_peak_mz: 0.00149831674425
apex_index: 5804
apex_id: controllerType=0 controllerNumber=1 scan=9025
apex_rt: 2344.58292
apex_mz: 864.053007651
apex_intensity: 2376481536
