nonzeroCount: 1733
mean_peak_mz: 801.722653189
sum_sumIntensity: 14775390147.6
sum_peak_intensity: 14679313408.3
mean_peak_mz: 801.722653189
variance_peak_mz: 7.32252374291e-008
sd_peak_mz: 0.000270601621261
apex_index: 5538
apex_id: controllerType=0 controllerNumber=1 scan=7845
apex_rt: 2133.46296
apex_mz: 801.722476189
apex_intensity: 850066560
