nonzeroCount: 1124
mean_peak_mz: 1028.47479309
sum_sumIntensity: 6291731438.74
sum_peak_intensity: 4496476182.83
mean_peak_mz: 1028.47479309
variance_peak_mz: 7.50878825784e-007
sd_peak_mz: 0.000866532645538
apex_index: 5990
apex_id: controllerType=0 controllerNumber=1 scan=9701
apex_rt: 2471.6049
apex_mz: 1028.47493113
apex_intensity: 123847232
