nonzeroCount: 38
mean_peak_mz: 591.833322804
sum_sumIntensity: 14913463.5195
sum_peak_intensity: 13290939.8291
mean_peak_mz: 591.833322804
variance_peak_mz: 1.47556420416e-007
sd_peak_mz: 0.000384130733495
apex_index: 6180
apex_id: controllerType=0 controllerNumber=1 scan=10571
apex_rt: 2624.78262
apex_mz: 591.833265854
apex_intensity: 884821.625
