nonzeroCount: 645
mean_peak_mz: 973.072606199
sum_sumIntensity: 246972645.328
sum_peak_intensity: 221108685.993
mean_peak_mz: 973.072606199
variance_peak_mz: 1.4646211639e-006
sd_peak_mz: 0.00121021533782
apex_index: 6335
apex_id: controllerType=0 controllerNumber=1 scan=11420
apex_rt: 2774.7384
apex_mz: 973.073048322
apex_intensity: 5064719
