nonzeroCount: 373
mean_peak_mz: 492.248410358
sum_sumIntensity: 647721803.456
sum_peak_intensity: 365908459.373
mean_peak_mz: 492.248410358
variance_peak_mz: 4.46481863037e-007
sd_peak_mz: 0.000668192983379
apex_index: 6032
apex_id: controllerType=0 controllerNumber=1 scan=9869
apex_rt: 2502.12552
apex_mz: 492.248015621
apex_intensity: 19199400
