nonzeroCount: 476
mean_peak_mz: 1131.94632817
sum_sumIntensity: 781122651.565
sum_peak_intensity: 568103088.557
mean_peak_mz: 1131.94632817
variance_peak_mz: 1.42166391015e-006
sd_peak_mz: 0.00119233548557
apex_index: 5622
apex_id: controllerType=0 controllerNumber=1 scan=8242
apex_rt: 2203.5537
apex_mz: 1131.94675564
apex_intensity: 37001004
