nonzeroCount: 1986
mean_peak_mz: 1363.20708621
sum_sumIntensity: 4507402998.27
sum_peak_intensity: 4497447967.29
mean_peak_mz: 1363.20708621
variance_peak_mz: 1.3445969671e-006
sd_peak_mz: 0.00115956757763
apex_index: 6223
apex_id: controllerType=0 controllerNumber=1 scan=10831
apex_rt: 2670.20358
apex_mz: 1363.20736889
apex_intensity: 224199392
