nonzeroCount: 1341
mean_peak_mz: 901.38356074
sum_sumIntensity: 353307109.162
sum_peak_intensity: 334466308.222
mean_peak_mz: 901.38356074
variance_peak_mz: 1.17323361337e-006
sd_peak_mz: 0.00108315908959
apex_index: 5491
apex_id: controllerType=0 controllerNumber=1 scan=7620
apex_rt: 2093.81136
apex_mz: 901.383553025
apex_intensity: 4703720
