nonzeroCount: 1755
mean_peak_mz: 1688.20517317
sum_sumIntensity: 1507573187.21
sum_peak_intensity: 1496051292.54
mean_peak_mz: 1688.20517317
variance_peak_mz: 6.42938539386e-006
sd_peak_mz: 0.00253562327522
apex_index: 8551
apex_id: controllerType=0 controllerNumber=1 scan=15667
apex_rt: 3793.19568
apex_mz: 1688.20579265
apex_intensity: 5982715
