nonzeroCount: 2128
mean_peak_mz: 847.365147524
sum_sumIntensity: 1343356125.37
sum_peak_intensity: 1177361419.32
mean_peak_mz: 847.365147524
variance_peak_mz: 3.44216823578e-006
sd_peak_mz: 0.00185530812422
apex_index: 4991
apex_id: controllerType=0 controllerNumber=1 scan=5456
apex_rt: 1694.49858
apex_mz: 847.369411812
apex_intensity: 10916624
