nonzeroCount: 745
mean_peak_mz: 894.149961176
sum_sumIntensity: 918610218.629
sum_peak_intensity: 610400277.081
mean_peak_mz: 894.149961176
variance_peak_mz: 3.11131589115e-006
sd_peak_mz: 0.0017638922561
apex_index: 6059
apex_id: controllerType=0 controllerNumber=1 scan=10069
apex_rt: 2535.12894
apex_mz: 894.150759368
apex_intensity: 44886612
