nonzeroCount: 947
mean_peak_mz: 788.018088472
sum_sumIntensity: 3798399108.48
sum_peak_intensity: 2274709351.45
mean_peak_mz: 788.018088472
variance_peak_mz: 7.89645127952e-007
sd_peak_mz: 0.000888619788184
apex_index: 4995
apex_id: controllerType=0 controllerNumber=1 scan=5478
apex_rt: 1698.00894
apex_mz: 788.01800782
apex_intensity: 78528528
