nonzeroCount: 395
mean_peak_mz: 598.766566395
sum_sumIntensity: 1766441047.18
sum_peak_intensity: 1403078126.57
mean_peak_mz: 598.766566395
variance_peak_mz: 1.11159170046e-006
sd_peak_mz: 0.00105432049229
apex_index: 6003
apex_id: controllerType=0 controllerNumber=1 scan=9753
apex_rt: 2481.10392
apex_mz: 598.766020388
apex_intensity: 53246776
