nonzeroCount: 6859
mean_peak_mz: 855.381002997
sum_sumIntensity: 26287445797.4
sum_peak_intensity: 20234917321.8
mean_peak_mz: 855.381002997
variance_peak_mz: 9.44826751947e-007
sd_peak_mz: 0.000972021991494
apex_index: 6105
apex_id: controllerType=0 controllerNumber=1 scan=10300
apex_rt: 2573.32962
apex_mz: 855.381419082
apex_intensity: 386641344
