nonzeroCount: 2531
mean_peak_mz: 686.546807137
sum_sumIntensity: 853551820.511
sum_peak_intensity: 659036542.612
mean_peak_mz: 686.546807137
variance_peak_mz: 8.88423528522e-007
sd_peak_mz: 0.000942562214669
apex_index: 4998
apex_id: controllerType=0 controllerNumber=1 scan=5484
apex_rt: 1699.30236
apex_mz: 686.546946814
apex_intensity: 6891697
