nonzeroCount: 476
mean_peak_mz: 996.097423521
sum_sumIntensity: 675775997.451
sum_peak_intensity: 613616079.652
mean_peak_mz: 996.097423521
variance_peak_mz: 2.39443033934e-006
sd_peak_mz: 0.0015473946941
apex_index: 5611
apex_id: controllerType=0 controllerNumber=1 scan=8183
apex_rt: 2193.14118
apex_mz: 996.098544468
apex_intensity: 22891050
