nonzeroCount: 865
mean_peak_mz: 814.342159454
sum_sumIntensity: 648299491.273
sum_peak_intensity: 475539791.222
mean_peak_mz: 814.342159454
variance_peak_mz: 3.54379881173e-006
sd_peak_mz: 0.00188249802436
apex_index: 5575
apex_id: controllerType=0 controllerNumber=1 scan=8030
apex_rt: 2165.36202
apex_mz: 814.340563629
apex_intensity: 17151718
