nonzeroCount: 159
mean_peak_mz: 1607.17424071
sum_sumIntensity: 173742948.003
sum_peak_intensity: 173742948.003
mean_peak_mz: 1607.17424071
variance_peak_mz: 6.72275200486e-006
sd_peak_mz: 0.00259282702949
apex_index: 5574
apex_id: controllerType=0 controllerNumber=1 scan=8029
apex_rt: 2164.99656
apex_mz: 1607.17213929
apex_intensity: 9596397
