nonzeroCount: 406
mean_peak_mz: 937.110550878
sum_sumIntensity: 342860307.381
sum_peak_intensity: 293090397.034
mean_peak_mz: 937.110550878
variance_peak_mz: 6.55883923173e-007
sd_peak_mz: 0.000809866608259
apex_index: 6116
apex_id: controllerType=0 controllerNumber=1 scan=10359
apex_rt: 2583.60036
apex_mz: 937.110537225
apex_intensity: 12599299
