nonzeroCount: 712
mean_peak_mz: 1706.26273518
sum_sumIntensity: 260250630.786
sum_peak_intensity: 259614889.786
mean_peak_mz: 1706.26273518
variance_peak_mz: 9.47434455156e-006
sd_peak_mz: 0.00307804232452
apex_index: 6064
apex_id: controllerType=0 controllerNumber=1 scan=10113
apex_rt: 2540.86728
apex_mz: 1706.26908143
apex_intensity: 9463483
