nonzeroCount: 869
mean_peak_mz: 1050.91650891
sum_sumIntensity: 718608555.532
sum_peak_intensity: 630738367.144
mean_peak_mz: 1050.91650891
variance_peak_mz: 7.47852027416e-006
sd_peak_mz: 0.00273468833218
apex_index: 5636
apex_id: controllerType=0 controllerNumber=1 scan=8368
apex_rt: 2224.16304
apex_mz: 1050.91535227
apex_intensity: 28449108
