nonzeroCount: 432
mean_peak_mz: 1309.19035306
sum_sumIntensity: 488460318.223
sum_peak_intensity: 472907834.895
mean_peak_mz: 1309.19035306
variance_peak_mz: 4.3495092541e-006
sd_peak_mz: 0.00208554771082
apex_index: 6231
apex_id: controllerType=0 controllerNumber=1 scan=10853
apex_rt: 2674.78446
apex_mz: 1309.18985718
apex_intensity: 22532700
