nonzeroCount: 770
mean_peak_mz: 990.766070408
sum_sumIntensity: 532895099.885
sum_peak_intensity: 503489333.574
mean_peak_mz: 990.766070408
variance_peak_mz: 1.74168962985e-006
sd_peak_mz: 0.00131973089297
apex_index: 5504
apex_id: controllerType=0 controllerNumber=1 scan=7665
apex_rt: 2102.69556
apex_mz: 990.765832608
apex_intensity: 14452401
