nonzeroCount: 591
mean_peak_mz: 1262.54852232
sum_sumIntensity: 3141511277.54
sum_peak_intensity: 2182719655.82
mean_peak_mz: 1262.54852232
variance_peak_mz: 2.19789799303e-005
sd_peak_mz: 0.00468817447737
apex_index: 4997
apex_id: controllerType=0 controllerNumber=1 scan=5483
apex_rt: 1698.93714
apex_mz: 1262.55286625
apex_intensity: 106438880
