nonzeroCount: 454
mean_peak_mz: 1301.57265982
sum_sumIntensity: 183541222.112
sum_peak_intensity: 172761646.995
mean_peak_mz: 1301.57265982
variance_peak_mz: 5.33764250576e-006
sd_peak_mz: 0.00231033385158
apex_index: 5814
apex_id: controllerType=0 controllerNumber=1 scan=9050
apex_rt: 2349.9534
apex_mz: 1301.57729775
apex_intensity: 3496779.75
