nonzeroCount: 1852
mean_peak_mz: 1040.76315009
sum_sumIntensity: 1056932111.35
sum_peak_intensity: 788126895.606
mean_peak_mz: 1040.76315009
variance_peak_mz: 8.9262612164e-006
sd_peak_mz: 0.00298768492589
apex_index: 6300
apex_id: controllerType=0 controllerNumber=1 scan=11216
apex_rt: 2740.1931
apex_mz: 1040.76860941
apex_intensity: 10375211
