nonzeroCount: 376
mean_peak_mz: 1350.256202
sum_sumIntensity: 165136468.264
sum_peak_intensity: 160927727.951
mean_peak_mz: 1350.256202
variance_peak_mz: 3.99234704673e-006
sd_peak_mz: 0.00199808584569
apex_index: 8538
apex_id: controllerType=0 controllerNumber=1 scan=15652
apex_rt: 3788.74116
apex_mz: 1350.2555679
apex_intensity: 2553718
