nonzeroCount: 1418
mean_peak_mz: 963.753681966
sum_sumIntensity: 1174581841.57
sum_peak_intensity: 882828658.869
mean_peak_mz: 963.753681966
variance_peak_mz: 4.59549482912e-006
sd_peak_mz: 0.00214371052829
apex_index: 5676
apex_id: controllerType=0 controllerNumber=1 scan=8519
apex_rt: 2252.16762
apex_mz: 963.755557699
apex_intensity: 14060377
