nonzeroCount: 1091
mean_peak_mz: 1112.99492736
sum_sumIntensity: 221965316.336
sum_peak_intensity: 212830637.507
mean_peak_mz: 1112.99492736
variance_peak_mz: 6.84685073793e-006
sd_peak_mz: 0.0026166487609
apex_index: 8537
apex_id: controllerType=0 controllerNumber=1 scan=15651
apex_rt: 3788.43018
apex_mz: 1112.99212648
apex_intensity: 2297136.25
