nonzeroCount: 5872
mean_peak_mz: 1017.77184676
sum_sumIntensity: 33427179508
sum_peak_intensity: 22053739351.4
mean_peak_mz: 1017.77184676
variance_peak_mz: 2.20572110265e-006
sd_peak_mz: 0.00148516702854
apex_index: 5586
apex_id: controllerType=0 controllerNumber=1 scan=8077
apex_rt: 2173.86312
apex_mz: 1017.77207933
apex_intensity: 977328960
