nonzeroCount: 694
mean_peak_mz: 1085.46261735
sum_sumIntensity: 401756571.09
sum_peak_intensity: 371960365.94
mean_peak_mz: 1085.46261735
variance_peak_mz: 6.52577728033e-006
sd_peak_mz: 0.00255456009527
apex_index: 5574
apex_id: controllerType=0 controllerNumber=1 scan=8029
apex_rt: 2164.99656
apex_mz: 1085.46151836
apex_intensity: 14705753
