nonzeroCount: 175
mean_peak_mz: 1196.17404653
sum_sumIntensity: 52783307.8311
sum_peak_intensity: 51152313.2686
mean_peak_mz: 1196.17404653
variance_peak_mz: 2.47405841947e-006
sd_peak_mz: 0.00157291398985
apex_index: 8849
apex_id: controllerType=0 controllerNumber=1 scan=15978
apex_rt: 3888.3621
apex_mz: 1196.17456532
apex_intensity: 2234410.75
