nonzeroCount: 273
mean_peak_mz: 558.25430402
sum_sumIntensity: 252603663.663
sum_peak_intensity: 154277148.655
mean_peak_mz: 558.25430402
variance_peak_mz: 1.47620448843e-006
sd_peak_mz: 0.00121499155899
apex_index: 4998
apex_id: controllerType=0 controllerNumber=1 scan=5484
apex_rt: 1699.30236
apex_mz: 558.25315466
apex_intensity: 7100304
