nonzeroCount: 560
mean_peak_mz: 1513.69318597
sum_sumIntensity: 1535650632.75
sum_peak_intensity: 1532551296.42
mean_peak_mz: 1513.69318597
variance_peak_mz: 2.61375680566e-006
sd_peak_mz: 0.00161671172621
apex_index: 5927
apex_id: controllerType=0 controllerNumber=1 scan=9554
apex_rt: 2439.65256
apex_mz: 1513.69327884
apex_intensity: 46529008
