nonzeroCount: 222
mean_peak_mz: 1194.01976115
sum_sumIntensity: 47110000.0713
sum_peak_intensity: 46806404.8525
mean_peak_mz: 1194.01976115
variance_peak_mz: 2.65310518444e-006
sd_peak_mz: 0.0016288355302
apex_index: 8844
apex_id: controllerType=0 controllerNumber=1 scan=15973
apex_rt: 3886.80678
apex_mz: 1194.01912739
apex_intensity: 1642120.875
