nonzeroCount: 1077
mean_peak_mz: 672.290725643
sum_sumIntensity: 2756691979.48
sum_peak_intensity: 2296706646.86
mean_peak_mz: 672.290725643
variance_peak_mz: 1.99605710804e-006
sd_peak_mz: 0.00141281885182
apex_index: 4991
apex_id: controllerType=0 controllerNumber=1 scan=5456
apex_rt: 1694.49858
apex_mz: 672.293617189
apex_intensity: 167232080
