nonzeroCount: 664
mean_peak_mz: 798.019467694
sum_sumIntensity: 3335594989.38
sum_peak_intensity: 1968333267.8
mean_peak_mz: 798.019467694
variance_peak_mz: 6.71728048474e-006
sd_peak_mz: 0.00259177168839
apex_index: 5001
apex_id: controllerType=0 controllerNumber=1 scan=5495
apex_rt: 1701.44802
apex_mz: 798.021687365
apex_intensity: 49463116
