nonzeroCount: 1503
mean_peak_mz: 646.033705543
sum_sumIntensity: 7537353015.33
sum_peak_intensity: 4273209496.96
mean_peak_mz: 646.033705543
variance_peak_mz: 3.9713922888e-006
sd_peak_mz: 0.00199283523875
apex_index: 5011
apex_id: controllerType=0 controllerNumber=1 scan=5514
apex_rt: 1705.76796
apex_mz: 646.035335787
apex_intensity: 67218432
