nonzeroCount: 428
mean_peak_mz: 1303.62413292
sum_sumIntensity: 1673021116.73
sum_peak_intensity: 1215833144.92
mean_peak_mz: 1303.62413292
variance_peak_mz: 4.79887239635e-006
sd_peak_mz: 0.00219063287576
apex_index: 6120
apex_id: controllerType=0 controllerNumber=1 scan=10375
apex_rt: 2586.51324
apex_mz: 1303.62359872
apex_intensity: 73001432
