nonzeroCount: 501
mean_peak_mz: 1090.79416831
sum_sumIntensity: 259102373.705
sum_peak_intensity: 247324214.612
mean_peak_mz: 1090.79416831
variance_peak_mz: 2.62330286205e-006
sd_peak_mz: 0.00161966134178
apex_index: 5601
apex_id: controllerType=0 controllerNumber=1 scan=8132
apex_rt: 2184.12852
apex_mz: 1090.79435398
apex_intensity: 7370352.5
