nonzeroCount: 2025
mean_peak_mz: 865.712968893
sum_sumIntensity: 5544893739.13
sum_peak_intensity: 5445328733.97
mean_peak_mz: 865.712968893
variance_peak_mz: 7.25849531591e-007
sd_peak_mz: 0.000851968034372
apex_index: 5817
apex_id: controllerType=0 controllerNumber=1 scan=9056
apex_rt: 2351.34366
apex_mz: 865.713230786
apex_intensity: 162223584
