nonzeroCount: 608
mean_peak_mz: 801.36232766
sum_sumIntensity: 665600775.237
sum_peak_intensity: 624205134.713
mean_peak_mz: 801.36232766
variance_peak_mz: 1.00722536445e-006
sd_peak_mz: 0.00100360617996
apex_index: 6059
apex_id: controllerType=0 controllerNumber=1 scan=10069
apex_rt: 2535.12894
apex_mz: 801.362076494
apex_intensity: 39752536
