nonzeroCount: 4755
mean_peak_mz: 869.415633562
sum_sumIntensity: 31398709629.7
sum_peak_intensity: 30592898654.3
mean_peak_mz: 869.415633562
variance_peak_mz: 6.53555616736e-007
sd_peak_mz: 0.000808427867368
apex_index: 6127
apex_id: controllerType=0 controllerNumber=1 scan=10398
apex_rt: 2591.11362
apex_mz: 869.415109562
apex_intensity: 1195469312
