nonzeroCount: 423
mean_peak_mz: 649.535425163
sum_sumIntensity: 235691895.391
sum_peak_intensity: 156536023.857
mean_peak_mz: 649.535425163
variance_peak_mz: 3.31096816808e-006
sd_peak_mz: 0.00181960659706
apex_index: 5648
apex_id: controllerType=0 controllerNumber=1 scan=8435
apex_rt: 2235.64242
apex_mz: 649.533614027
apex_intensity: 3033755
