nonzeroCount: 534
mean_peak_mz: 850.858771177
sum_sumIntensity: 230234948.169
sum_peak_intensity: 138378910.469
mean_peak_mz: 850.858771177
variance_peak_mz: 7.68643803895e-006
sd_peak_mz: 0.00277244261238
apex_index: 4989
apex_id: controllerType=0 controllerNumber=1 scan=5441
apex_rt: 1692.0867
apex_mz: 850.859684015
apex_intensity: 3311537.5
