nonzeroCount: 380
mean_peak_mz: 1077.15823986
sum_sumIntensity: 334829456.354
sum_peak_intensity: 300005170.911
mean_peak_mz: 1077.15823986
variance_peak_mz: 6.27199187875e-006
sd_peak_mz: 0.0025043945134
apex_index: 5923
apex_id: controllerType=0 controllerNumber=1 scan=9537
apex_rt: 2437.15182
apex_mz: 1077.15728991
apex_intensity: 10283478
