nonzeroCount: 223
mean_peak_mz: 1194.02948289
sum_sumIntensity: 64976168.8135
sum_peak_intensity: 62630458.04
mean_peak_mz: 1194.02948289
variance_peak_mz: 2.41817906499e-006
sd_peak_mz: 0.00155504953779
apex_index: 8577
apex_id: controllerType=0 controllerNumber=1 scan=15693
apex_rt: 3801.28044
apex_mz: 1194.02876037
apex_intensity: 1548750.625
