nonzeroCount: 305
mean_peak_mz: 723.062138536
sum_sumIntensity: 359470544.39
sum_peak_intensity: 212975324.09
mean_peak_mz: 723.062138536
variance_peak_mz: 1.71363353729e-006
sd_peak_mz: 0.00130905826352
apex_index: 4993
apex_id: controllerType=0 controllerNumber=1 scan=5471
apex_rt: 1696.63626
apex_mz: 723.061279646
apex_intensity: 10135317
