nonzeroCount: 832
mean_peak_mz: 965.450605716
sum_sumIntensity: 360817358.444
sum_peak_intensity: 305189376.119
mean_peak_mz: 965.450605716
variance_peak_mz: 4.32413071394e-006
sd_peak_mz: 0.00207945442699
apex_index: 5964
apex_id: controllerType=0 controllerNumber=1 scan=9616
apex_rt: 2455.44516
apex_mz: 965.44720933
apex_intensity: 5787456
