nonzeroCount: 4389
mean_peak_mz: 631.778642025
sum_sumIntensity: 48182999826
sum_peak_intensity: 30109646692.2
mean_peak_mz: 631.778642025
variance_peak_mz: 3.72703652829e-007
sd_peak_mz: 0.000610494596888
apex_index: 5001
apex_id: controllerType=0 controllerNumber=1 scan=5495
apex_rt: 1701.44802
apex_mz: 631.778549578
apex_intensity: 1230498816
