nonzeroCount: 885
mean_peak_mz: 1030.02532109
sum_sumIntensity: 200035143.99
sum_peak_intensity: 191325871.509
mean_peak_mz: 1030.02532109
variance_peak_mz: 2.34320759773e-006
sd_peak_mz: 0.00153075393115
apex_index: 8806
apex_id: controllerType=0 controllerNumber=1 scan=15934
apex_rt: 3874.79562
apex_mz: 1030.02902274
apex_intensity: 2198102
