nonzeroCount: 490
mean_peak_mz: 682.5477311
sum_sumIntensity: 670370966.247
sum_peak_intensity: 521162895.513
mean_peak_mz: 682.5477311
variance_peak_mz: 2.45572300628e-006
sd_peak_mz: 0.00156707466519
apex_index: 4994
apex_id: controllerType=0 controllerNumber=1 scan=5477
apex_rt: 1697.64342
apex_mz: 682.550408321
apex_intensity: 27861140
