nonzeroCount: 3456
mean_peak_mz: 842.036722054
sum_sumIntensity: 61960133171.5
sum_peak_intensity: 33860086123.8
mean_peak_mz: 842.036722054
variance_peak_mz: 8.48085619509e-007
sd_peak_mz: 0.000920915641907
apex_index: 4996
apex_id: controllerType=0 controllerNumber=1 scan=5479
apex_rt: 1698.31992
apex_mz: 842.036782582
apex_intensity: 1589424896
