nonzeroCount: 572
mean_peak_mz: 652.314473161
sum_sumIntensity: 1380259288.57
sum_peak_intensity: 964559614.199
mean_peak_mz: 652.314473161
variance_peak_mz: 5.05766365677e-007
sd_peak_mz: 0.00071117252877
apex_index: 6127
apex_id: controllerType=0 controllerNumber=1 scan=10398
apex_rt: 2591.11362
apex_mz: 652.31404417
apex_intensity: 43526164
