nonzeroCount: 584
mean_peak_mz: 969.084128748
sum_sumIntensity: 237370260.377
sum_peak_intensity: 211313183.15
mean_peak_mz: 969.084128748
variance_peak_mz: 3.29129397869e-006
sd_peak_mz: 0.00181419237643
apex_index: 5592
apex_id: controllerType=0 controllerNumber=1 scan=8096
apex_rt: 2177.68092
apex_mz: 969.082866305
apex_intensity: 5731824.5
