nonzeroCount: 862
mean_peak_mz: 909.395733478
sum_sumIntensity: 805426135.606
sum_peak_intensity: 515082311.106
mean_peak_mz: 909.395733478
variance_peak_mz: 6.88736326993e-006
sd_peak_mz: 0.00262437864454
apex_index: 5561
apex_id: controllerType=0 controllerNumber=1 scan=7953
apex_rt: 2152.36968
apex_mz: 909.394412549
apex_intensity: 16529659
