nonzeroCount: 691
mean_peak_mz: 906.055775027
sum_sumIntensity: 346391594.179
sum_peak_intensity: 270129145.984
mean_peak_mz: 906.055775027
variance_peak_mz: 4.13332600147e-006
sd_peak_mz: 0.00203305828777
apex_index: 5493
apex_id: controllerType=0 controllerNumber=1 scan=7627
apex_rt: 2095.18218
apex_mz: 906.058474748
apex_intensity: 6158394.5
