nonzeroCount: 244
mean_peak_mz: 689.985518862
sum_sumIntensity: 478820637.109
sum_peak_intensity: 338754376.31
mean_peak_mz: 689.985518862
variance_peak_mz: 6.3213519752e-007
sd_peak_mz: 0.000795069303596
apex_index: 4994
apex_id: controllerType=0 controllerNumber=1 scan=5477
apex_rt: 1697.64342
apex_mz: 689.985144901
apex_intensity: 15769368
