nonzeroCount: 573
mean_peak_mz: 695.316790021
sum_sumIntensity: 450438462.874
sum_peak_intensity: 330103568.788
mean_peak_mz: 695.316790021
variance_peak_mz: 2.42592068389e-006
sd_peak_mz: 0.00155753673597
apex_index: 4995
apex_id: controllerType=0 controllerNumber=1 scan=5478
apex_rt: 1698.00894
apex_mz: 695.318258537
apex_intensity: 12130978
