nonzeroCount: 654
mean_peak_mz: 1526.15452634
sum_sumIntensity: 2012018032.94
sum_peak_intensity: 1915165202.14
mean_peak_mz: 1526.15452634
variance_peak_mz: 3.14926728606e-006
sd_peak_mz: 0.00177461750416
apex_index: 5586
apex_id: controllerType=0 controllerNumber=1 scan=8077
apex_rt: 2173.86312
apex_mz: 1526.15522427
apex_intensity: 125740912
