nonzeroCount: 179
mean_peak_mz: 1181.15835493
sum_sumIntensity: 65269240.9766
sum_peak_intensity: 59047659.6924
mean_peak_mz: 1181.15835493
variance_peak_mz: 9.1977417469e-006
sd_peak_mz: 0.00303277789277
apex_index: 8676
apex_id: controllerType=0 controllerNumber=1 scan=15797
apex_rt: 3833.00976
apex_mz: 1181.15623638
apex_intensity: 2381658
