nonzeroCount: 846
mean_peak_mz: 942.081531703
sum_sumIntensity: 787294967.812
sum_peak_intensity: 493518613.333
mean_peak_mz: 942.081531703
variance_peak_mz: 8.23615118861e-006
sd_peak_mz: 0.00286986954209
apex_index: 5508
apex_id: controllerType=0 controllerNumber=1 scan=7687
apex_rt: 2106.17148
apex_mz: 942.083038172
apex_intensity: 17357936
