nonzeroCount: 644
mean_peak_mz: 796.350091146
sum_sumIntensity: 186940709.501
sum_peak_intensity: 159138914.849
mean_peak_mz: 796.350091146
variance_peak_mz: 3.20409890264e-006
sd_peak_mz: 0.00178999969348
apex_index: 6336
apex_id: controllerType=0 controllerNumber=1 scan=11425
apex_rt: 2775.58224
apex_mz: 796.353069549
apex_intensity: 4920920.5
