nonzeroCount: 3465
mean_peak_mz: 1207.16868329
sum_sumIntensity: 15012488950.3
sum_peak_intensity: 10747331902.3
mean_peak_mz: 1207.16868329
variance_peak_mz: 4.19327989221e-007
sd_peak_mz: 0.000647555394712
apex_index: 5529
apex_id: controllerType=0 controllerNumber=1 scan=7822
apex_rt: 2128.64394
apex_mz: 1207.16885514
apex_intensity: 205042208
