nonzeroCount: 417
mean_peak_mz: 763.573253421
sum_sumIntensity: 99402449.1387
sum_peak_intensity: 72752274.6638
mean_peak_mz: 763.573253421
variance_peak_mz: 4.41481824964e-006
sd_peak_mz: 0.00210114688912
apex_index: 4997
apex_id: controllerType=0 controllerNumber=1 scan=5483
apex_rt: 1698.93714
apex_mz: 763.573971544
apex_intensity: 2355323.25
