nonzeroCount: 627
mean_peak_mz: 737.868742675
sum_sumIntensity: 1386076532.98
sum_peak_intensity: 1039437588.63
mean_peak_mz: 737.868742675
variance_peak_mz: 8.97911377251e-007
sd_peak_mz: 0.00094758185781
apex_index: 6331
apex_id: controllerType=0 controllerNumber=1 scan=11406
apex_rt: 2772.11778
apex_mz: 737.868272684
apex_intensity: 89885864
