nonzeroCount: 506
mean_peak_mz: 591.266036802
sum_sumIntensity: 1937054248.66
sum_peak_intensity: 1166398503.09
mean_peak_mz: 591.266036802
variance_peak_mz: 1.03237107396e-006
sd_peak_mz: 0.00101605662931
apex_index: 4994
apex_id: controllerType=0 controllerNumber=1 scan=5477
apex_rt: 1697.64342
apex_mz: 591.26639876
apex_intensity: 39100976
