nonzeroCount: 1614
mean_peak_mz: 635.778132927
sum_sumIntensity: 2797719911.43
sum_peak_intensity: 1599124711.49
mean_peak_mz: 635.778132927
variance_peak_mz: 9.20612365007e-007
sd_peak_mz: 0.000959485468888
apex_index: 4801
apex_id: controllerType=0 controllerNumber=1 scan=5058
apex_rt: 1601.38044
apex_mz: 635.778372697
apex_intensity: 11254823
