nonzeroCount: 628
mean_peak_mz: 744.003759072
sum_sumIntensity: 1644070968.76
sum_peak_intensity: 1051235799.89
mean_peak_mz: 744.003759072
variance_peak_mz: 3.9329752326e-006
sd_peak_mz: 0.00198317302135
apex_index: 4999
apex_id: controllerType=0 controllerNumber=1 scan=5488
apex_rt: 1699.95636
apex_mz: 744.004905482
apex_intensity: 43534604
