nonzeroCount: 777
mean_peak_mz: 909.726618253
sum_sumIntensity: 509642122.691
sum_peak_intensity: 485181536.098
mean_peak_mz: 909.726618253
variance_peak_mz: 1.63086224347e-006
sd_peak_mz: 0.00127705216944
apex_index: 4994
apex_id: controllerType=0 controllerNumber=1 scan=5477
apex_rt: 1697.64342
apex_mz: 909.725797849
apex_intensity: 15371490
