nonzeroCount: 1618
mean_peak_mz: 882.386288572
sum_sumIntensity: 1926683054.21
sum_peak_intensity: 1725182824.31
mean_peak_mz: 882.386288572
variance_peak_mz: 3.66638414562e-006
sd_peak_mz: 0.00191478044319
apex_index: 6196
apex_id: controllerType=0 controllerNumber=1 scan=10667
apex_rt: 2641.45098
apex_mz: 882.390601042
apex_intensity: 96937776
