nonzeroCount: 811
mean_peak_mz: 806.69324196
sum_sumIntensity: 800766150.259
sum_peak_intensity: 593540911.938
mean_peak_mz: 806.69324196
variance_peak_mz: 2.21899244934e-006
sd_peak_mz: 0.00148962829234
apex_index: 6119
apex_id: controllerType=0 controllerNumber=1 scan=10371
apex_rt: 2585.82516
apex_mz: 806.692107192
apex_intensity: 19668822
