nonzeroCount: 1348
mean_peak_mz: 869.05448134
sum_sumIntensity: 895634241.985
sum_peak_intensity: 618813700.055
mean_peak_mz: 869.05448134
variance_peak_mz: 6.78654760122e-006
sd_peak_mz: 0.00260510030541
apex_index: 5885
apex_id: controllerType=0 controllerNumber=1 scan=9324
apex_rt: 2401.05918
apex_mz: 869.057648736
apex_intensity: 6163150
