nonzeroCount: 1550
mean_peak_mz: 739.330669261
sum_sumIntensity: 1534395584.86
sum_peak_intensity: 1362532350.15
mean_peak_mz: 739.330669261
variance_peak_mz: 8.39354470372e-007
sd_peak_mz: 0.000916162906023
apex_index: 4998
apex_id: controllerType=0 controllerNumber=1 scan=5484
apex_rt: 1699.30236
apex_mz: 739.330885215
apex_intensity: 33644884
