nonzeroCount: 342
mean_peak_mz: 1179.01695049
sum_sumIntensity: 291444572.582
sum_peak_intensity: 287922236.638
mean_peak_mz: 1179.01695049
variance_peak_mz: 1.53365544975e-006
sd_peak_mz: 0.00123840843414
apex_index: 6345
apex_id: controllerType=0 controllerNumber=1 scan=11458
apex_rt: 2781.49548
apex_mz: 1179.01727658
apex_intensity: 5974680.5
