nonzeroCount: 1907
mean_peak_mz: 896.052943401
sum_sumIntensity: 3847528232.57
sum_peak_intensity: 2293122218.78
mean_peak_mz: 896.052943401
variance_peak_mz: 7.17304646969e-006
sd_peak_mz: 0.00267825436986
apex_index: 4991
apex_id: controllerType=0 controllerNumber=1 scan=5456
apex_rt: 1694.49858
apex_mz: 896.053764141
apex_intensity: 117704056
