nonzeroCount: 581
mean_peak_mz: 712.804599446
sum_sumIntensity: 917555651.66
sum_peak_intensity: 692671573.669
mean_peak_mz: 712.804599446
variance_peak_mz: 3.37354140356e-006
sd_peak_mz: 0.00183672028452
apex_index: 4989
apex_id: controllerType=0 controllerNumber=1 scan=5441
apex_rt: 1692.0867
apex_mz: 712.806917356
apex_intensity: 72850072
