nonzeroCount: 1002
mean_peak_mz: 736.34334856
sum_sumIntensity: 429685367.78
sum_peak_intensity: 300498919.255
mean_peak_mz: 736.34334856
variance_peak_mz: 4.68594953418e-006
sd_peak_mz: 0.0021647054151
apex_index: 5555
apex_id: controllerType=0 controllerNumber=1 scan=7908
apex_rt: 2145.02004
apex_mz: 736.341361276
apex_intensity: 12620631
