nonzeroCount: 304
mean_peak_mz: 440.712943467
sum_sumIntensity: 104423657.285
sum_peak_intensity: 60213693.0599
mean_peak_mz: 440.712943467
variance_peak_mz: 1.57183967531e-006
sd_peak_mz: 0.00125373030406
apex_index: 5068
apex_id: controllerType=0 controllerNumber=1 scan=5745
apex_rt: 1748.5161
apex_mz: 440.714645393
apex_intensity: 1103495.875
