nonzeroCount: 168
mean_peak_mz: 700.948403467
sum_sumIntensity: 76498778.0659
sum_peak_intensity: 48419458.3711
mean_peak_mz: 700.948403467
variance_peak_mz: 3.12150223181e-006
sd_peak_mz: 0.00176677735774
apex_index: 5634
apex_id: controllerType=0 controllerNumber=1 scan=8346
apex_rt: 2220.5334
apex_mz: 700.949370739
apex_intensity: 3095113
