nonzeroCount: 3080
mean_peak_mz: 1216.52294503
sum_sumIntensity: 4335535676.81
sum_peak_intensity: 3910755500.52
mean_peak_mz: 1216.52294503
variance_peak_mz: 4.77395951748e-006
sd_peak_mz: 0.00218493924801
apex_index: 8609
apex_id: controllerType=0 controllerNumber=1 scan=15727
apex_rt: 3811.60494
apex_mz: 1216.52212087
apex_intensity: 11119442
