nonzeroCount: 737
mean_peak_mz: 1279.57441643
sum_sumIntensity: 717988887.965
sum_peak_intensity: 709106132.593
mean_peak_mz: 1279.57441643
variance_peak_mz: 1.58557668328e-006
sd_peak_mz: 0.00125919684056
apex_index: 6748
apex_id: controllerType=0 controllerNumber=1 scan=12957
apex_rt: 3072.7803
apex_mz: 1279.573888
apex_intensity: 19466298
