nonzeroCount: 451
mean_peak_mz: 727.060787091
sum_sumIntensity: 111492027.53
sum_peak_intensity: 78695911.5542
mean_peak_mz: 727.060787091
variance_peak_mz: 3.69246117771e-006
sd_peak_mz: 0.00192157778341
apex_index: 4989
apex_id: controllerType=0 controllerNumber=1 scan=5441
apex_rt: 1692.0867
apex_mz: 727.061633557
apex_intensity: 3032556.75
