nonzeroCount: 3922
mean_peak_mz: 955.450282628
sum_sumIntensity: 41247212328
sum_peak_intensity: 23518483017.4
mean_peak_mz: 955.450282628
variance_peak_mz: 5.18863089383e-007
sd_peak_mz: 0.000720321518062
apex_index: 5970
apex_id: controllerType=0 controllerNumber=1 scan=9632
apex_rt: 2458.67112
apex_mz: 955.450198462
apex_intensity: 460386272
