nonzeroCount: 131
mean_peak_mz: 710.950672905
sum_sumIntensity: 25028346.5735
sum_peak_intensity: 17270038.9404
mean_peak_mz: 710.950672905
variance_peak_mz: 4.77582216263e-006
sd_peak_mz: 0.00218536545288
apex_index: 5618
apex_id: controllerType=0 controllerNumber=1 scan=8209
apex_rt: 2198.19558
apex_mz: 710.949988503
apex_intensity: 906120.75
