nonzeroCount: 326
mean_peak_mz: 631.318920092
sum_sumIntensity: 227104563.776
sum_peak_intensity: 134759298.524
mean_peak_mz: 631.318920092
variance_peak_mz: 2.99728708342e-006
sd_peak_mz: 0.00173126747888
apex_index: 6498
apex_id: controllerType=0 controllerNumber=1 scan=12228
apex_rt: 2921.46234
apex_mz: 631.320081657
apex_intensity: 4720128
