nonzeroCount: 752
mean_peak_mz: 1267.05670951
sum_sumIntensity: 2731152343.16
sum_peak_intensity: 2430541171.78
mean_peak_mz: 1267.05670951
variance_peak_mz: 1.17146410048e-005
sd_peak_mz: 0.00342266577463
apex_index: 6336
apex_id: controllerType=0 controllerNumber=1 scan=11425
apex_rt: 2775.58224
apex_mz: 1267.05470468
apex_intensity: 122268984
