nonzeroCount: 1268
mean_peak_mz: 793.348328565
sum_sumIntensity: 2056511602.26
sum_peak_intensity: 1864941495.86
mean_peak_mz: 793.348328565
variance_peak_mz: 6.87083229423e-007
sd_peak_mz: 0.000828904837374
apex_index: 4994
apex_id: controllerType=0 controllerNumber=1 scan=5477
apex_rt: 1697.64342
apex_mz: 793.348062048
apex_intensity: 55881076
