nonzeroCount: 332
mean_peak_mz: 1131.17622117
sum_sumIntensity: 87286419.1035
sum_peak_intensity: 76908877.9961
mean_peak_mz: 1131.17622117
variance_peak_mz: 1.21106859297e-005
sd_peak_mz: 0.0034800410816
apex_index: 5919
apex_id: controllerType=0 controllerNumber=1 scan=9510
apex_rt: 2432.70576
apex_mz: 1131.17765107
apex_intensity: 2152974.75
