nonzeroCount: 1311
mean_peak_mz: 1343.57352142
sum_sumIntensity: 878125457.001
sum_peak_intensity: 837283651.159
mean_peak_mz: 1343.57352142
variance_peak_mz: 4.8594083637e-006
sd_peak_mz: 0.00220440657858
apex_index: 5649
apex_id: controllerType=0 controllerNumber=1 scan=8439
apex_rt: 2236.34334
apex_mz: 1343.57614974
apex_intensity: 4892683
