nonzeroCount: 2311
mean_peak_mz: 785.031573061
sum_sumIntensity: 14289337901.2
sum_peak_intensity: 10559385842.8
mean_peak_mz: 785.031573061
variance_peak_mz: 2.30502337217e-007
sd_peak_mz: 0.000480106589433
apex_index: 6003
apex_id: controllerType=0 controllerNumber=1 scan=9753
apex_rt: 2481.10392
apex_mz: 785.031093531
apex_intensity: 496913024
