nonzeroCount: 1618
mean_peak_mz: 1137.84900941
sum_sumIntensity: 10485036905.5
sum_peak_intensity: 5994647390.34
mean_peak_mz: 1137.84900941
variance_peak_mz: 1.15414150059e-006
sd_peak_mz: 0.00107430977869
apex_index: 6064
apex_id: controllerType=0 controllerNumber=1 scan=10113
apex_rt: 2540.86728
apex_mz: 1137.84859975
apex_intensity: 319117536
