nonzeroCount: 773
mean_peak_mz: 648.274293518
sum_sumIntensity: 605440991.451
sum_peak_intensity: 368686650.946
mean_peak_mz: 648.274293518
variance_peak_mz: 3.65381129086e-006
sd_peak_mz: 0.00191149451761
apex_index: 6089
apex_id: controllerType=0 controllerNumber=1 scan=10216
apex_rt: 2559.22602
apex_mz: 648.272011279
apex_intensity: 6108304.5
