nonzeroCount: 584
mean_peak_mz: 985.79438514
sum_sumIntensity: 345310774.643
sum_peak_intensity: 262688665.965
mean_peak_mz: 985.79438514
variance_peak_mz: 7.47246667743e-006
sd_peak_mz: 0.00273358129153
apex_index: 5923
apex_id: controllerType=0 controllerNumber=1 scan=9537
apex_rt: 2437.15182
apex_mz: 985.792420612
apex_intensity: 6064873.5
