nonzeroCount: 796
mean_peak_mz: 901.429433452
sum_sumIntensity: 252056307.976
sum_peak_intensity: 213254632.838
mean_peak_mz: 901.429433452
variance_peak_mz: 3.86114697903e-006
sd_peak_mz: 0.00196498014724
apex_index: 6001
apex_id: controllerType=0 controllerNumber=1 scan=9749
apex_rt: 2480.124
apex_mz: 901.433432773
apex_intensity: 4092000
