nonzeroCount: 669
mean_peak_mz: 810.344942089
sum_sumIntensity: 270886336.533
sum_peak_intensity: 238279695.515
mean_peak_mz: 810.344942089
variance_peak_mz: 2.26311385632e-006
sd_peak_mz: 0.00150436493455
apex_index: 5574
apex_id: controllerType=0 controllerNumber=1 scan=8029
apex_rt: 2164.99656
apex_mz: 810.341195831
apex_intensity: 2781206.75
