nonzeroCount: 739
mean_peak_mz: 804.037825229
sum_sumIntensity: 644989704.169
sum_peak_intensity: 579965414.125
mean_peak_mz: 804.037825229
variance_peak_mz: 1.61130446941e-006
sd_peak_mz: 0.00126937168292
apex_index: 6006
apex_id: controllerType=0 controllerNumber=1 scan=9760
apex_rt: 2482.55274
apex_mz: 804.037764489
apex_intensity: 19872172
