nonzeroCount: 275
mean_peak_mz: 1198.86711976
sum_sumIntensity: 124793559.029
sum_peak_intensity: 118063915.416
mean_peak_mz: 1198.86711976
variance_peak_mz: 3.24076972902e-006
sd_peak_mz: 0.00180021380092
apex_index: 8689
apex_id: controllerType=0 controllerNumber=1 scan=15812
apex_rt: 3837.45456
apex_mz: 1198.86429011
apex_intensity: 2822881
