nonzeroCount: 365
mean_peak_mz: 741.016776212
sum_sumIntensity: 157965769.701
sum_peak_intensity: 118862806.368
mean_peak_mz: 741.016776212
variance_peak_mz: 2.67394352704e-006
sd_peak_mz: 0.00163521971828
apex_index: 6003
apex_id: controllerType=0 controllerNumber=1 scan=9753
apex_rt: 2481.10392
apex_mz: 741.017335894
apex_intensity: 5667800
