nonzeroCount: 52
mean_peak_mz: 389.943487623
sum_sumIntensity: 47888834.2383
sum_peak_intensity: 28734321.6719
mean_peak_mz: 389.943487623
variance_peak_mz: 1.25932274386e-007
sd_peak_mz: 0.000354869376512
apex_index: 5037
apex_id: controllerType=0 controllerNumber=1 scan=5616
apex_rt: 1724.60568
apex_mz: 389.943264428
apex_intensity: 2732124.5
