nonzeroCount: 504
mean_peak_mz: 734.000898738
sum_sumIntensity: 686673211.306
sum_peak_intensity: 394331223.147
mean_peak_mz: 734.000898738
variance_peak_mz: 1.80711504072e-006
sd_peak_mz: 0.00134428979045
apex_index: 4994
apex_id: controllerType=0 controllerNumber=1 scan=5477
apex_rt: 1697.64342
apex_mz: 734.001186501
apex_intensity: 14452143
