nonzeroCount: 342
mean_peak_mz: 1323.07995854
sum_sumIntensity: 830235578.417
sum_peak_intensity: 537227353.817
mean_peak_mz: 1323.07995854
variance_peak_mz: 1.83957163244e-005
sd_peak_mz: 0.00428902277033
apex_index: 6194
apex_id: controllerType=0 controllerNumber=1 scan=10657
apex_rt: 2639.59092
apex_mz: 1323.082353
apex_intensity: 35720608
