nonzeroCount: 285
mean_peak_mz: 804.086030371
sum_sumIntensity: 72503803.627
sum_peak_intensity: 68462396.6201
mean_peak_mz: 804.086030371
variance_peak_mz: 1.30489934236e-006
sd_peak_mz: 0.00114232190838
apex_index: 6032
apex_id: controllerType=0 controllerNumber=1 scan=9869
apex_rt: 2502.12552
apex_mz: 804.085693453
apex_intensity: 3711660.25
