nonzeroCount: 932
mean_peak_mz: 1104.0144396
sum_sumIntensity: 304703714.189
sum_peak_intensity: 214480497.428
mean_peak_mz: 1104.0144396
variance_peak_mz: 1.5270197764e-005
sd_peak_mz: 0.00390771004094
apex_index: 8597
apex_id: controllerType=0 controllerNumber=1 scan=15714
apex_rt: 3807.61086
apex_mz: 1104.00863979
apex_intensity: 2078651.625
