nonzeroCount: 1007
mean_peak_mz: 676.289676785
sum_sumIntensity: 249241605.026
sum_peak_intensity: 203487814.952
mean_peak_mz: 676.289676785
variance_peak_mz: 1.6022240743e-006
sd_peak_mz: 0.00126578990133
apex_index: 5488
apex_id: controllerType=0 controllerNumber=1 scan=7607
apex_rt: 2091.5055
apex_mz: 676.292300401
apex_intensity: 3527337.5
