nonzeroCount: 654
mean_peak_mz: 1089.45259958
sum_sumIntensity: 374467955.215
sum_peak_intensity: 316905718.721
mean_peak_mz: 1089.45259958
variance_peak_mz: 4.5383349061e-006
sd_peak_mz: 0.00213033680579
apex_index: 6286
apex_id: controllerType=0 controllerNumber=1 scan=11158
apex_rt: 2729.26548
apex_mz: 1089.45330578
apex_intensity: 4043608.5
