nonzeroCount: 526
mean_peak_mz: 587.281254184
sum_sumIntensity: 219201003.684
sum_peak_intensity: 171770500.239
mean_peak_mz: 587.281254184
variance_peak_mz: 1.47672835737e-006
sd_peak_mz: 0.0012152071253
apex_index: 5004
apex_id: controllerType=0 controllerNumber=1 scan=5501
apex_rt: 1702.7301
apex_mz: 587.283687991
apex_intensity: 4656023.5
