nonzeroCount: 288
mean_peak_mz: 687.020677684
sum_sumIntensity: 782773549.367
sum_peak_intensity: 475159371.502
mean_peak_mz: 687.020677684
variance_peak_mz: 9.82894562185e-007
sd_peak_mz: 0.000991410390396
apex_index: 6059
apex_id: controllerType=0 controllerNumber=1 scan=10069
apex_rt: 2535.12894
apex_mz: 687.020962125
apex_intensity: 28196386
