nonzeroCount: 709
mean_peak_mz: 595.264246773
sum_sumIntensity: 628259395.269
sum_peak_intensity: 397138687.7
mean_peak_mz: 595.264246773
variance_peak_mz: 1.517648343e-006
sd_peak_mz: 0.00123192870857
apex_index: 4994
apex_id: controllerType=0 controllerNumber=1 scan=5477
apex_rt: 1697.64342
apex_mz: 595.264520343
apex_intensity: 13781847
