nonzeroCount: 353
mean_peak_mz: 1191.86002523
sum_sumIntensity: 1156940814.1
sum_peak_intensity: 1156388514.52
mean_peak_mz: 1191.86002523
variance_peak_mz: 8.63336026669e-007
sd_peak_mz: 0.00092915877366
apex_index: 6059
apex_id: controllerType=0 controllerNumber=1 scan=10069
apex_rt: 2535.12894
apex_mz: 1191.85994815
apex_intensity: 87528152
