nonzeroCount: 543
mean_peak_mz: 754.966917114
sum_sumIntensity: 207757751.298
sum_peak_intensity: 127706832.63
mean_peak_mz: 754.966917114
variance_peak_mz: 2.32132151723e-006
sd_peak_mz: 0.0015235883687
apex_index: 5622
apex_id: controllerType=0 controllerNumber=1 scan=8242
apex_rt: 2203.5537
apex_mz: 754.967575999
apex_intensity: 9199350
