nonzeroCount: 609
mean_peak_mz: 1205.55039552
sum_sumIntensity: 429305586.92
sum_peak_intensity: 409755563.226
mean_peak_mz: 1205.55039552
variance_peak_mz: 4.26545739174e-006
sd_peak_mz: 0.00206529837838
apex_index: 6008
apex_id: controllerType=0 controllerNumber=1 scan=9765
apex_rt: 2483.6187
apex_mz: 1205.54968503
apex_intensity: 15192955
