nonzeroCount: 538
mean_peak_mz: 803.397666108
sum_sumIntensity: 615137227.211
sum_peak_intensity: 432457537.349
mean_peak_mz: 803.397666108
variance_peak_mz: 5.41179906577e-006
sd_peak_mz: 0.00232632737717
apex_index: 6031
apex_id: controllerType=0 controllerNumber=1 scan=9861
apex_rt: 2500.80174
apex_mz: 803.39990026
apex_intensity: 18774432
