nonzeroCount: 1619
mean_peak_mz: 845.04141501
sum_sumIntensity: 2250396122.79
sum_peak_intensity: 2026945294.44
mean_peak_mz: 845.04141501
variance_peak_mz: 2.63913534582e-006
sd_peak_mz: 0.00162454158021
apex_index: 6335
apex_id: controllerType=0 controllerNumber=1 scan=11420
apex_rt: 2774.7384
apex_mz: 845.040190033
apex_intensity: 89519728
