nonzeroCount: 854
mean_peak_mz: 786.347479044
sum_sumIntensity: 291923372.406
sum_peak_intensity: 245415010.728
mean_peak_mz: 786.347479044
variance_peak_mz: 9.81264747679e-007
sd_peak_mz: 0.000990588081737
apex_index: 6335
apex_id: controllerType=0 controllerNumber=1 scan=11420
apex_rt: 2774.7384
apex_mz: 786.347668857
apex_intensity: 6831150
