nonzeroCount: 824
mean_peak_mz: 853.634590773
sum_sumIntensity: 1520035428.91
sum_peak_intensity: 1433755271.75
mean_peak_mz: 853.634590773
variance_peak_mz: 1.69209670275e-006
sd_peak_mz: 0.00130080617417
apex_index: 6064
apex_id: controllerType=0 controllerNumber=1 scan=10113
apex_rt: 2540.86728
apex_mz: 853.633847075
apex_intensity: 85610456
