nonzeroCount: 325
mean_peak_mz: 1445.12709065
sum_sumIntensity: 48812408.7549
sum_peak_intensity: 47668096.7432
mean_peak_mz: 1445.12709065
variance_peak_mz: 2.38488428295e-006
sd_peak_mz: 0.00154430705591
apex_index: 8703
apex_id: controllerType=0 controllerNumber=1 scan=15826
apex_rt: 3841.80786
apex_mz: 1445.12717323
apex_intensity: 1981169.5
