nonzeroCount: 1793
mean_peak_mz: 1260.04582948
sum_sumIntensity: 9822671862.13
sum_peak_intensity: 7329240729.8
mean_peak_mz: 1260.04582948
variance_peak_mz: 2.42469832301e-006
sd_peak_mz: 0.00155714428458
apex_index: 6336
apex_id: controllerType=0 controllerNumber=1 scan=11425
apex_rt: 2775.58224
apex_mz: 1260.04600532
apex_intensity: 521100000
