nonzeroCount: 336
mean_peak_mz: 731.014393166
sum_sumIntensity: 340631445.212
sum_peak_intensity: 220446572.299
mean_peak_mz: 731.014393166
variance_peak_mz: 2.97394581139e-006
sd_peak_mz: 0.00172451320998
apex_index: 6002
apex_id: controllerType=0 controllerNumber=1 scan=9752
apex_rt: 2480.73882
apex_mz: 731.015305202
apex_intensity: 7998887.5
