nonzeroCount: 3109
mean_peak_mz: 840.364811197
sum_sumIntensity: 4913036967.41
sum_peak_intensity: 3910544496.09
mean_peak_mz: 840.364811197
variance_peak_mz: 1.09791290015e-006
sd_peak_mz: 0.00104781338995
apex_index: 6335
apex_id: controllerType=0 controllerNumber=1 scan=11420
apex_rt: 2774.7384
apex_mz: 840.36501942
apex_intensity: 272312448
