nonzeroCount: 329
mean_peak_mz: 1096.0149741
sum_sumIntensity: 140207512.569
sum_peak_intensity: 130800484.038
mean_peak_mz: 1096.0149741
variance_peak_mz: 3.17674130201e-006
sd_peak_mz: 0.00178234152227
apex_index: 5933
apex_id: controllerType=0 controllerNumber=1 scan=9562
apex_rt: 2441.9487
apex_mz: 1096.01421604
apex_intensity: 5783528
