nonzeroCount: 649
mean_peak_mz: 1177.04169608
sum_sumIntensity: 8116972103.5
sum_peak_intensity: 8112511553.34
mean_peak_mz: 1177.04169608
variance_peak_mz: 5.97443431616e-007
sd_peak_mz: 0.000772944649775
apex_index: 6007
apex_id: controllerType=0 controllerNumber=1 scan=9761
apex_rt: 2482.91784
apex_mz: 1177.04123801
apex_intensity: 399588800
