nonzeroCount: 1652
mean_peak_mz: 1071.78804707
sum_sumIntensity: 3171281348.96
sum_peak_intensity: 2999293439.8
mean_peak_mz: 1071.78804707
variance_peak_mz: 1.6363337636e-006
sd_peak_mz: 0.00127919262177
apex_index: 5574
apex_id: controllerType=0 controllerNumber=1 scan=8029
apex_rt: 2164.99656
apex_mz: 1071.78753343
apex_intensity: 179601776
