nonzeroCount: 1239
mean_peak_mz: 1125.80377037
sum_sumIntensity: 971542162.572
sum_peak_intensity: 886599774.958
mean_peak_mz: 1125.80377037
variance_peak_mz: 4.94043342769e-006
sd_peak_mz: 0.00222270857912
apex_index: 5570
apex_id: controllerType=0 controllerNumber=1 scan=8006
apex_rt: 2161.38438
apex_mz: 1125.80284482
apex_intensity: 35102428
