nonzeroCount: 824
mean_peak_mz: 975.436556102
sum_sumIntensity: 657738723.41
sum_peak_intensity: 434439576.98
mean_peak_mz: 975.436556102
variance_peak_mz: 8.16921237856e-006
sd_peak_mz: 0.00285818340534
apex_index: 5270
apex_id: controllerType=0 controllerNumber=1 scan=6617
apex_rt: 1910.02494
apex_mz: 975.43840769
apex_intensity: 8992679
