nonzeroCount: 293
mean_peak_mz: 1432.66749414
sum_sumIntensity: 398140163.552
sum_peak_intensity: 378911623.302
mean_peak_mz: 1432.66749414
variance_peak_mz: 1.69796403497e-005
sd_peak_mz: 0.0041206359157
apex_index: 5948
apex_id: controllerType=0 controllerNumber=1 scan=9586
apex_rt: 2448.32262
apex_mz: 1432.66324374
apex_intensity: 11524815
