nonzeroCount: 2519
mean_peak_mz: 950.068538335
sum_sumIntensity: 1153056336.57
sum_peak_intensity: 863204536.343
mean_peak_mz: 950.068538335
variance_peak_mz: 8.85990448296e-006
sd_peak_mz: 0.0029765591684
apex_index: 4987
apex_id: controllerType=0 controllerNumber=1 scan=5433
apex_rt: 1690.5543
apex_mz: 950.072402984
apex_intensity: 31554832
