nonzeroCount: 922
mean_peak_mz: 759.574925423
sum_sumIntensity: 258590698.434
sum_peak_intensity: 150079750.414
mean_peak_mz: 759.574925423
variance_peak_mz: 6.17594923824e-006
sd_peak_mz: 0.00248514571771
apex_index: 4982
apex_id: controllerType=0 controllerNumber=1 scan=5410
apex_rt: 1686.37038
apex_mz: 759.577879841
apex_intensity: 1505855.375
